49,82,0,0,0,0,0,0,0,0,0,0,0,0,0,0,0,0,0,0,0,0,0,0,0,0,0,0,
177,49,82,0,0,0,0,0,0,0,0,0,0,0,0,0,0,0,0,0,0,0,0,0,0,0,0,0,
18,113,49,82,0,0,0,0,0,0,0,0,0,0,0,0,0,0,0,0,0,0,0,0,0,0,0,0,
144,18,177,49,82,0,0,0,0,0,0,0,0,0,0,0,0,0,0,0,0,0,0,0,0,0,0,0,
0,144,18,113,49,82,0,0,0,0,0,0,0,0,0,0,0,0,0,0,0,0,0,0,0,0,0,0,
0,0,144,18,177,49,81,81,81,81,81,82,0,0,0,0,0,0,0,0,0,0,0,0,0,0,0,0,
0,0,0,144,18,113,177,113,177,113,177,49,82,0,0,0,0,0,0,0,0,0,0,0,0,0,0,0,
0,0,0,0,144,145,145,145,145,145,18,113,49,82,0,0,0,0,0,0,0,0,0,0,0,0,0,0,
0,0,0,0,0,0,0,0,0,0,144,18,177,49,82,0,0,0,0,0,0,0,0,0,0,0,0,0,
0,0,0,0,0,0,0,0,0,0,0,144,18,113,49,82,0,0,0,0,0,0,0,0,0,0,0,0,
0,0,0,0,0,0,0,0,0,0,0,0,144,18,113,49,82,0,0,0,0,0,0,0,0,0,0,0,
0,0,0,0,0,0,0,0,0,0,0,0,0,144,18,113,49,82,0,0,0,0,80,50,177,17,146,0,
0,0,0,0,0,0,0,0,0,0,0,0,0,0,144,18,177,49,82,0,0,80,50,113,17,146,0,0,
0,0,0,0,0,0,0,0,0,0,0,0,0,0,0,144,18,113,49,82,80,50,177,17,146,0,0,0,
0,0,0,0,0,0,0,0,0,0,0,0,0,0,0,0,144,18,177,49,50,113,17,146,0,0,0,0,
0,0,0,0,0,0,0,0,0,0,0,0,0,0,0,0,0,144,18,177,113,17,146,0,0,0,0,0,
0,0,0,0,0,0,0,0,0,0,0,0,0,0,0,0,0,0,144,145,145,146,0,0,0,0,0,0,
0,0,0,0,0,0,0,0,0,0,0,0,0,0,0,0,0,0,0,0,0,0,0,0,0,0,0,0,
0,0,0,0,0,0,0,0,0,0,0,0,0,0,0,0,0,0,0,0,0,0,0,0,0,0,0,0,
0,0,0,0,0,0,0,0,0,0,0,0,0,0,0,0,0,0,0,0,0,0,0,0,0,0,0,0,
0,0,0,0,0,0,0,0,0,0,0,0,0,0,0,0,0,0,0,0,0,0,0,0,0,0,0,0,
0,0,0,0,0,0,0,0,0,0,0,0,0,0,0,0,0,0,0,0,0,0,0,0,0,0,0,0